bacterial_count,somatic_cell_count,status
156048.51454463016,70320.86939584398,0
160526.83342569307,63302.686562091,0
471622.8088526271,52844.09216920019,0
269118.0405974804,86679.99462139113,0
251722.13788355608,73159.84277511222,0
369098.2908368586,61538.76983528028,0
602264.127513922,16448.88070156576,0
625145.0807067738,24639.238537958186,0
77968.73587443173,19475.776336842377,0
218768.20565371055,41079.82722202319,0
39245.505780956504,13167.115368407523,0
742464.5480075722,34621.25398149206,0
580411.9380923505,38668.43052738007,0
749015.1914736924,3263.6516414472517,0
603355.9603700796,5619.105682320591,0
706662.5272686607,20048.142196830944,0
97224.19749716451,65317.95053548467,0
584201.5514314441,75937.22593483073,0
498949.8270503194,83909.22003799178,0
667515.7140006147,45974.369902906285,0
97065.45168169378,97463.25673987724,0
396800.16088503733,22056.03521834194,0
505756.9319329117,56510.40960230439,0
53951.198510623384,6022.120351376492,0
281334.99535063707,4099.836722237837,0
251314.47541941976,47429.09322874999,0
122511.55558384788,47388.55210433546,0
340304.4436030653,35670.33597598134,0
570819.8390798996,22060.298952384972,0
617042.9328850737,66548.42299626039,0
524330.2242159314,18314.077799992247,0
3211.6566543811396,53004.64423108997,0
172533.46738430296,22587.93349023319,0
26059.077855162705,28092.131242272677,0
310348.9920675921,30978.41997689028,0
91420.74048795667,6826.914671874318,0
459162.9042178019,82595.16188444299,0
49714.87440896655,40157.762336511325,0
660070.239174973,74061.66642790314,0
368271.97021463217,24024.024338451476,0
6541.016683419998,59172.05881950118,0
576948.508244231,45797.388541634646,0
641191.5599448688,10473.875336778938,0
150747.21169995336,35110.84476235778,0
461554.5728944807,4084.391906969731,0
247715.1178705945,39396.1422229263,0
96581.64108419242,72857.06533256848,0
39796.95154679258,57418.376546022635,0
396030.9023213611,92993.50666942648,0
410792.11673795147,72664.11811022888,0
107215.64559789459,3308.7814382250167,0
147310.8177430388,77999.14296626035,0
167712.251367114,23242.907156226956,0
685045.517945736,21406.237625358215,0
68167.31275734556,674.9288747852744,0
273844.8438203938,97267.54239310864,0
68613.57446789392,45845.08856328774,0
152346.54089219793,6876.608208033874,0
294804.30361303163,49524.85500515172,0
543054.6224334171,7916.113725160212,0
474826.07538883755,95053.09801933954,0
17417.599260821342,10775.402151358438,0
55319.88160474427,20457.270505924396,0
343388.02690929803,84045.1430501098,0
140731.83768716222,82018.32354871421,0
353856.47453772015,51849.42892502849,0
248046.28325916763,81986.36474815573,0
438221.3411230277,52964.037895263886,0
462797.1972982343,34175.565263120625,0
376603.8354685166,35503.527917212254,0
175910.35064615347,65459.79857028672,0
646649.9121396262,39584.89142029206,0
420316.0742192272,5977.59257969791,0
548557.5855208568,76572.96664774635,0
735118.9635520983,896.0638552124256,0
529029.8641275426,99755.87974246233,0
288756.49118224764,85090.0753352881,0
471970.5986252786,48539.86319769846,0
86043.27795304029,4952.355380564411,0
36384.490068005674,36917.45823464325,0
259288.72158112144,28020.548188517336,0
662114.4292297927,93360.7834329664,0
307316.47605760244,61090.669840117385,0
209633.9169197986,59279.77614692348,0
288495.6978614061,86909.06816459727,0
667778.5892805945,24271.47017549908,0
288200.215521369,95503.65682062846,0
494470.3401821338,89713.02407687281,0
639689.4377091882,48277.07260132685,0
700081.0318728635,75040.12007165083,0
686104.4722742813,30234.063001367027,0
706143.45432144,815.6872498463418,0
463223.10866941157,3794.8681832694397,0
141320.0880686064,14950.454772795241,0
235154.22658111094,47286.84327657801,0
345353.327383012,33828.41555638773,0
591877.3233802748,22434.062125394183,0
169422.64233027212,95117.04161520812,0
275150.2548908051,13680.669788985844,0
151353.78026533284,23272.218234157604,0
603697.5535901642,80994.243191151,0
656887.8821862559,85921.05556613405,0
322856.347349164,33274.497228308865,0
376910.55667930795,75552.24485504375,0
551471.9704631068,9459.764132810033,0
365668.8722011505,12157.058113499465,0
238645.98523755497,66456.93083878623,0
317489.7096040872,83622.18094031975,0
396802.5516730079,32562.328238292026,0
223800.67709295204,99744.29738421021,0
171396.51747559317,94541.73156713268,0
142216.32820155733,99306.196611809,0
701380.1248168903,92743.15097977853,0
117295.01950026186,27908.92178501989,0
395290.26852911006,49792.362198883544,0
505484.98468556505,89291.72899961707,0
460983.0375013223,45692.337193982516,0
56327.55309428869,22815.19688823942,0
579403.2117231076,20787.097022391354,0
739053.8165905285,36897.00707428113,0
332511.106636719,11985.552266732058,0
267985.3075608519,42632.11924901513,0
167153.79058162184,99369.79706120655,0
628340.4828160901,74489.6392490366,0
16321.862466868648,22690.92521413164,0
738697.9712192809,71464.31674910018,0
194373.0520607476,36148.44134101939,0
517239.1732869887,86020.1238917421,0
581775.2453890789,61355.88881673608,0
560254.822601337,49152.63625219309,0
594162.3370513705,15504.699917055665,0
237268.4619348086,81068.9477321813,0
128567.95920726623,21408.44013741463,0
351165.405017404,69185.0895590236,0
145428.9207385155,60808.8144333301,0
526038.2667139978,88418.91053008563,0
342568.77119373204,18529.906056390344,0
420878.2625538536,84113.47987313033,0
200526.79872303898,57077.8322132914,0
132868.19803555758,19061.76522876245,0
311064.2438838551,75823.61062873433,0
638234.2187178299,57301.94731013808,0
206924.79776464173,4410.6113354481895,0
479904.30206518294,4291.332428383709,0
469137.92854670744,35218.96999377836,0
87178.37520340057,89141.93639190277,0
623780.2486445482,17905.050744477023,0
686813.2134196643,68726.99999576187,0
392290.00278986304,4806.585480991599,0
188446.294629271,67880.37192666285,0
394954.87330897094,68927.9226611252,0
346213.45584131096,58704.865169431716,0
115471.77150892495,29790.298028633046,0
205288.3274934538,18744.648551820188,0
252007.12403998498,31467.229586295496,0
255680.12246467316,54566.99939534789,0
717305.7801965441,89768.7924064252,0
269145.7520212588,61657.27190340499,0
187263.71101350957,79442.83753427543,0
413555.78919905814,45492.28885875218,0
738918.6240543058,20986.965039873594,0
39946.92953171114,39147.35936495448,0
487459.0700045771,45522.714763474956,0
555639.9487531885,74877.08079861024,0
382630.9950000268,46508.27632714577,0
549168.7843212103,53172.89486321889,0
70257.31592131717,2998.5640419418423,0
150912.61547840587,55973.915994190305,0
448715.92471330264,92320.9906060804,0
495482.9601229029,35633.4755049846,0
252187.0822041064,89764.23736165778,0
66245.62066661518,37925.654946570685,0
326182.3285702428,75811.56289433996,0
560229.2455381554,4517.571328660053,0
400042.3851839101,84490.75592546198,0
484893.4573517967,97426.63087290108,0
280594.2463041832,9473.730439370087,0
512062.3150144969,9170.836484825806,0
258844.9820265727,67833.98579025571,0
406195.82112486486,12582.71626854317,0
372532.9922432349,67493.56691920951,0
307662.2547786078,76561.94488020157,0
7502.998031650776,38935.53421107022,0
445113.06540700863,20278.81982334663,0
353248.4940643014,60403.4861837109,0
275231.9467726751,44792.38192293139,0
280186.32454736956,48309.605053389685,0
382312.7232096428,26890.73422084598,0
358744.8839926333,19419.36235573447,0
4707.733886363308,34146.22690515166,0
405498.16259177384,47035.7956365962,0
450778.08541476366,94812.1888847163,0
297192.2988702654,9009.336467163865,0
255305.7403597629,22748.68636935846,0
293513.85419132945,62808.44982085655,0
155108.45286634695,79638.33193651754,0
512060.96230947756,99010.31293052403,0
560422.0605808554,2438.779561037485,0
80778.3747471206,76730.90936402662,0
311114.4825530843,95071.24736465723,0
725600.6421013275,69313.91862269622,0
496586.48912787216,22974.933644854078,0
716879.201733432,88574.03793765871,0
540707.6341296728,92227.64218620946,0
240343.48768291218,98082.79535701885,0
374073.9438663599,82566.77569317451,0
144448.76524377815,12779.376603135162,0
238202.66241519921,20518.275377380156,0
586922.0171954293,85218.12281814784,0
231482.53802613536,69028.24858091054,0
421789.88714085077,86949.43841579206,0
18293.980167313817,55020.312922896774,0
537039.9692187507,58842.47570025616,0
395586.3160747249,71910.85334233644,0
594108.6108162486,62540.399635826725,0
558008.1653194166,5458.453925495277,0
705476.6785928776,45841.185629613,0
543565.7410180346,45019.41929253539,0
328056.6321721389,11576.917036716894,0
141141.0272768667,21773.443200124497,0
671439.8314062383,41725.84095227489,0
172566.49546173585,46397.3266004545,0
61774.354904102656,12626.48692024252,0
114733.0505199159,11259.506261443143,0
46910.38578268578,84248.46968868811,0
140146.89231552955,89991.09716357841,0
435429.52001615136,27293.423203077262,0
95687.57951231251,65521.3773939877,0
406165.15302517713,51003.39002281573,0
270371.3252080475,4242.38743688109,0
34149.14705903338,27742.632382347354,0
424426.8999176521,84843.53285145383,0
60691.201805234654,42765.28659051871,0
233824.68817810292,89906.8278230235,0
415311.1075931494,36655.896293756705,0
350257.433552919,24336.97120836227,0
254583.00988318742,26906.62562137338,0
673736.5630250633,94725.08343898141,0
446212.7552717672,45261.22483444467,0
114674.95877587167,74515.35187760172,0
141907.59695319497,13801.808382728497,0
399683.4211683232,11970.768992160363,0
71358.93159279808,70583.29789741623,0
380820.03394038085,34849.729401384546,0
437239.800166087,36573.65818443587,0
241919.98421963005,19258.516785354186,0
690790.3427456669,69442.09803698727,0
382171.0988335071,91519.71036230391,0
486531.03982953506,5086.706127666829,0
328052.2012715921,58129.150658052466,0
645100.550970953,14358.368170674717,0
83881.25166812385,92946.80534896842,0
692182.0240710245,97873.46536100574,0
279153.64931594016,88383.18922993646,0
592024.9073314058,18676.761214874725,0
532242.142806206,19330.7896089444,0
241055.22147673642,27424.32161541668,0
457874.87103642896,5363.098439016622,0
744953.2164055159,22484.483077632078,0
562922.7580111461,49097.08197032654,0
705696.5720630203,14739.923178477777,0
181950.40723810176,53970.575840518795,0
201822.75583276604,65492.961149758725,0
683994.1284587116,71600.5240318141,0
259602.79707505455,52746.320228838136,0
144758.55829982928,72438.64512041234,0
481663.32524605707,20360.27551911772,0
13197.730403982921,4779.726244900784,0
348065.8215786222,26962.433990873935,0
559640.7118958212,46549.798093512516,0
184197.6654526247,35361.37527418595,0
427788.9057011541,37833.01700533226,0
367180.2737472679,15574.084648406317,0
711429.5674964649,84262.8715452933,0
728585.9156263339,81776.18075856585,0
163731.15433747592,34414.56457131446,0
718660.2107332164,4427.991394606867,0
198756.44012188446,5900.8183696583565,0
421375.9230508634,81934.24701183714,0
431955.270464203,92278.00540437773,0
533396.5531527913,90818.75420269696,0
487345.6007159017,34717.566634664756,0
400894.3738890745,2810.604479635148,0
262762.0195061242,60.21545249266236,0
389009.31998919876,14493.430285500364,0
297499.36533416697,24424.884817528557,0
159232.56403767224,17564.44409099682,0
574374.1095122133,66783.40738469602,0
199150.2558981737,74703.88540968015,0
572743.5254515697,70072.33849860707,0
607258.1397552823,6818.121150940859,0
204552.60967089335,8865.258641837681,0
698897.4294510224,24192.4546389785,0
107626.17096009111,81241.83242292034,0
66766.67776644925,79318.35264592378,0
626588.3699870371,42914.79376242284,0
124304.37698085998,64205.78016637256,0
243754.01253715417,66287.0609087292,0
743596.7631000596,7483.136946023894,0
159501.7567719027,24596.0084321313,0
619806.6618268496,4006.05219372453,0
630304.1712679525,51000.776202118126,0
356825.83226097963,72396.54570492788,0
583457.2376881519,87293.37000429642,0
425715.0222884251,90890.71562636613,0
543464.7907914792,70669.55838826264,0
705256.8788053138,2651.8580852889386,0
170441.66346004253,30806.862628639952,0
715696.49482856,48977.73442451955,0
562330.5778911954,56889.14979448722,0
111085.55033052372,40714.27959112806,0
636650.0562099196,75257.71423713757,0
39720.99825503522,37222.25700091496,0
184210.45468684062,51212.51415808442,0
336558.84762967797,98552.6660140337,0
672437.0868482399,82955.94690797826,0
155699.71086379487,95583.2894190756,0
236761.88518160878,63332.392704309634,0
538871.6993706418,79923.42688180465,0
504470.6943200299,36874.82600098647,0
296136.07854138163,9842.935140410136,0
156755.20422313307,25934.586109276446,0
578917.5161694504,27495.878882831836,0
190705.92345618995,58080.31520326822,0
598354.0825714824,33022.12634954419,0
659594.4580573199,48284.84782750096,0
732085.1620242733,30896.705545089597,0
187322.48094297454,96569.47713694086,0
649185.3444356454,17217.365735464708,0
265879.08089167735,30885.721984157954,0
711945.0450537312,27819.413601315733,0
440567.25564138894,32983.20348841818,0
527877.8992404329,51346.70706420699,0
174149.01977244302,36461.94672230269,0
698729.4439702448,69421.26524947595,0
698174.9494536887,10022.381221387832,0
391672.6887351634,13684.3233943862,0
426857.997807692,47404.94559433482,0
589816.4904323685,6679.540370595038,0
183770.1006149291,1993.097216818318,0
364579.4303244713,25010.502590017746,0
70105.60697586146,11122.53343503261,0
383493.3791930701,82101.41178721483,0
242026.90086724985,41214.77047190573,0
63468.88976526233,95364.12870408234,0
32809.41411083061,82652.58360462154,0
711645.2367348698,54727.21056458436,0
224687.0786996304,86002.13990599301,0
468363.7356955585,5438.346538673378,0
233013.21815204356,35718.73273448702,0
355204.5101560326,1540.1871939552448,0
969.2121340073301,44352.3458615256,0
496883.2722817311,39983.99438536786,0
639078.9412509373,42229.60631719732,0
418265.2657739455,5590.14934718316,0
621724.1978600329,65159.7026889146,0
10911.832637591046,29291.77073175797,0
124807.5748181637,18892.797699472496,0
478039.8777852684,79666.27954960617,0
205040.46367348387,79448.01605815912,0
318959.82661367394,57213.71837227822,0
248117.48405797465,21944.873300973853,0
61260.73319436803,57440.285535637006,0
566062.9058229371,84177.55808864173,0
732077.5565273406,34962.67931579729,0
428044.4616980205,45567.93284525896,0
452425.13704198756,85175.18387620954,0
247890.5906727723,32558.339450527284,0
114135.43278722954,71107.54693638523,0
154274.04217893936,17401.776713179483,0
128825.96936063864,14938.567202254271,0
593126.9650442663,19702.04948510712,0
621274.0967797322,56954.1017405966,0
446373.483827696,43544.9906067087,0
677768.2789822131,86602.82690076437,0
66797.79623656606,47999.40864728962,0
364680.2626835934,58149.24932671351,0
299002.92403801833,60228.849874771055,0
522718.25289679493,30351.39528455013,0
401158.0449474856,77791.27543095789,0
86323.96308749987,36701.92303462678,0
687178.6710910612,74306.67476088963,0
11677.421422026435,31384.598507303162,0
435308.6443184822,32605.76456534653,0
425756.031723802,33452.64635341882,0
406960.75622971274,67874.51233795389,0
726222.9157849927,6286.400967150263,0
34195.38090407939,87379.37797507833,0
82797.37253655905,26542.008072785273,0
536300.9382233139,76885.58245051396,0
411922.73429224495,74647.3142400185,0
165014.0144787783,96776.8978602692,0
558242.2241822397,57916.2944117177,0
30711.009797254163,57772.20921097346,0
58532.959066808915,81997.80548300421,0
693022.4083214309,56069.53327493381,0
52359.87179091453,45582.30652259717,0
707975.1267034623,16603.816796409643,0
470977.53280624765,11045.498326844572,0
323753.26333719096,29692.34666048729,0
68613.92541190561,17650.672313441373,0
60211.10959945425,25416.021747677918,0
137910.49712466804,30309.2353028657,0
315743.64504527947,53833.71421991126,0
202220.6357419268,4213.551661640691,0
234872.3761180762,42756.26407839851,0
468902.065594604,51355.06549014515,0
542593.9192005782,74363.99597478594,0
92397.13764372499,31713.379634898796,0
148817.78381157463,74969.74499874642,0
240551.68332949694,6862.760816936319,0
356577.8220595894,68340.56985839462,0
135749.57600124786,73382.97884152539,0
97756.66396369801,42276.848173486695,0
3835.160061017834,40622.13214443124,0
646661.8863584354,84008.629214469,0
557684.9991248506,30892.83316784993,0
193783.87673684614,36156.84717595222,0
67460.96831649895,45322.35382738924,0
153482.10355306402,11758.64382578612,0
193698.13401535503,18084.9423774198,0
30612.87037480129,54171.068565111724,0
565418.9181927604,24133.795050105233,0
302058.4956973158,30373.922698236165,0
392582.9315649737,10030.19361132438,0
101172.65162815536,49197.26204425605,0
569156.4740441691,22954.809536001685,0
189335.56823659316,2502.64002770515,0
254152.3564703257,71361.95410740086,0
230218.06658591816,27302.08584324536,0
481983.78841599246,55170.48619583011,0
686103.4297516209,47597.31845467525,0
553930.8046631125,23794.393329559836,0
402259.12374690804,18807.330272386724,0
220917.68424714665,51031.71330015782,0
136233.5553279359,23290.21568865487,0
73995.39234090324,64839.30336035292,0
18855.81617410892,90951.97867051173,0
665875.4031471089,28455.637649433742,0
393723.6571451132,38959.52504695477,0
30359.370856861966,512.9162147021526,0
18128.31230092371,99577.24991181045,0
324282.7625596405,33420.37736399969,0
236994.56917847914,90359.62851852734,0
195543.4130757176,24610.63908054122,0
351056.11904765456,86197.0791801023,0
380702.87472073775,49960.533980477914,0
281707.4943977423,57364.83363036823,0
516547.00558388076,90516.96969512526,0
682616.4878848607,88029.28413284701,0
138141.6886474883,99181.98232473436,0
404088.64876768994,56655.49771937278,0
250679.75791008963,54209.772034838454,0
45396.56755234414,50647.43870242934,0
253887.68232656003,79383.87645346312,0
275703.1182264081,50961.958782125046,0
151262.45424124404,77714.99016549898,0
453807.6987310866,36053.20218196333,0
282414.2303611005,12085.836368779068,0
86997.1213518155,1198.376363633069,0
160414.13621956325,14999.822868156498,0
453364.55049964966,35006.083074502414,0
669512.5706647596,27363.509225471127,0
562727.2685972488,25838.049758415436,0
676717.2608680855,72131.01707337673,0
586730.2136221677,42003.06043525202,0
379796.8823722768,55454.504107758876,0
531784.1707572085,53138.33795971846,0
633745.0294140374,94200.19775206425,0
511504.8224698383,51219.21221433551,0
562322.7982238199,29723.71002133333,0
173317.85347494326,15004.139817174711,0
283619.2704544906,84377.1586720039,0
644527.3980804362,79461.92774076878,0
194555.3256654411,41113.691901538186,0
480748.9771527995,14119.985740022688,0
299857.9767254624,87231.44680017179,0
723127.2222432797,79078.36883647785,0
704035.0195729961,65121.39735639877,0
95993.78403342163,67868.41493511993,0
605406.6871923695,80426.4355506532,0
332137.3044601238,30070.802610415838,0
497919.6413648003,43380.78819038654,0
135979.39635348495,75411.10380836674,0
413340.56680334214,20245.610326158803,0
122920.29269110152,81013.24576546765,0
316850.4535904935,94504.71285973718,0
678225.3677372427,94279.60477602619,0
271814.1050414064,79071.40796787087,0
31827.99465255942,9162.96408510323,0
673466.1370961901,10348.46990281797,0
210556.63304750872,14552.156937778715,0
731585.0868197427,95311.79527994271,0
642468.1630622919,88723.01005090994,0
445369.54118272214,23077.97309410148,0
185820.43218088074,58779.90536262229,0
733414.5034414426,39459.973132598934,0
736832.1485551485,3573.86670762021,0
295144.23779184057,55274.52754694906,0
673614.6748815598,5478.842445782439,0
578772.1936574755,29456.12610734324,0
560580.1838311561,63459.22445439768,0
3814.608511880424,66409.94415837934,0
459126.75772589963,93058.82955979172,0
368668.4476297174,27240.70648801026,0
145370.58429889946,91352.37280852527,0
427046.72230814816,458.0001497087371,0
603647.6733917614,53137.66592026166,0
456341.4523874416,6651.473500957916,0
460392.0339240865,27546.322069065045,0
593149.6077982562,60852.53718302479,0
601564.8661372188,99531.00050369065,0
279648.3460676734,73694.67846305532,0
270615.1307150788,57188.96529566988,0
372735.5124587496,48888.26956077831,0
618763.9475008276,95683.31298014517,0
527522.5194913505,17071.030118541497,0
317782.2183755596,90290.3458689577,0
744528.3838155275,89184.84612740729,0
77004.79680309491,11066.42433042544,0
285189.7022068986,41243.62749760472,0
741857.5305749009,89601.13551849058,0
371398.43543090613,70533.15353332898,0
310296.2671629666,42330.28840328438,0
321556.3628438217,797.2196643092789,0
443035.7941423251,54469.219160135995,0
533739.9140544357,61753.21773822985,0
36615.598237633996,53808.44833870448,0
294338.4373034309,49618.556979440444,0
227316.39863724165,85668.15349986272,0
180479.8724817092,46088.376549172914,0
102510.05143881305,50435.914749140145,0
594766.0381868952,3279.136153167872,0
715660.9443510375,89255.94310485516,0
92807.66221160705,78292.24327124724,0
478539.46482295275,76555.15564901078,0
84431.48488790578,98602.71166823793,0
596703.9329148389,90090.86746109919,0
324900.329524696,70129.66346894811,0
478153.33497381065,16032.968889973987,0
661524.1592802559,30981.507047849642,0
435526.24130197236,91879.7538867891,0
450300.0248762458,92510.43057760017,0
41091.435679708185,20911.648330135,0
408334.14662585646,67574.30882697382,0
302448.08986330166,70517.46312786847,0
426548.97135069565,21442.17826860446,0
177193.16576563855,67700.72876111585,0
357132.88127161213,58675.5077327832,0
370238.1192633573,66698.23064147843,0
549056.7023973521,99042.6993649614,0
39218.676828252304,61039.088785559914,0
333132.4885272882,79306.15463449799,0
610640.3027538117,54672.15905509949,0
235099.88299888512,86271.97247132316,0
527826.6543715802,45831.678448437,0
614294.4169814789,85243.69152854008,0
350110.91661745735,87944.86110038614,0
225144.9379680788,92418.62077014479,0
5035.483606627422,7308.531925754369,0
298771.19449331885,17212.346667634425,0
504270.3101881968,19126.13992627711,0
387453.62351430213,68656.12103621765,0
522339.08663001435,22312.740534929188,0
607229.2459511908,48231.74157251133,0
326987.0324692108,67093.16916444393,0
696907.0348806666,95591.59080159363,0
243630.49965660402,33961.606337845784,0
641393.0910538952,7227.235060623049,0
448897.6806442302,52197.4417225523,0
500952.8858928963,17889.456733830677,0
400034.408197129,8625.564524388274,0
722519.5045364065,75076.9682379234,0
371473.2065505755,79662.80002386324,0
348960.35188433854,69779.5316537481,0
229114.5866217136,92795.9923646865,0
16378.881023858066,35482.580347838266,0
349768.06697129697,62107.98344178344,0
496682.3440211792,67624.10131939937,0
707618.9108990171,21772.965709968117,0
667028.0294866974,45750.55149960874,0
745523.1046910827,6127.437264228852,0
346498.42986265017,6521.3420126399415,0
313177.3459794325,56987.90797049419,0
514853.889691254,71560.18108100291,0
121676.16036273915,87432.76465837013,0
616324.7897960499,53129.20079954262,0
171418.07919206462,31823.519358164533,0
130693.23197549151,95784.24161996234,0
622253.6778452013,92432.03219891337,0
353561.53407309426,2132.9928114092068,0
699761.0858540662,34923.2086650473,0
634200.8685737061,64283.255475933685,0
681196.9515026753,84587.57687324563,0
36611.3892723825,53771.36817931299,0
123665.81065865135,34777.54771296459,0
390591.6687300884,95670.97963791263,0
669233.7518969537,63744.035012486456,0
661119.882895898,73656.61585061702,0
688199.03196167,7474.665621047405,0
324661.08169640857,70298.5860962274,0
130068.57821990114,5399.029136216837,0
417134.46264220524,54937.44312493386,0
35565.934198755866,16831.495798681983,0
383224.3235117752,56027.49392296808,0
262952.77574948734,16587.90500551546,0
563094.0318015326,59189.45409563951,0
9115.708760846692,56870.22822573342,0
509954.62099025946,48128.71913626848,0
508652.9709830799,10010.211952050586,0
123673.18778131118,16674.442496152642,0
621705.128358152,13826.163980620488,0
291382.44756921666,22021.679980532404,0
65945.91924647015,11853.142242718151,0
396846.9410928687,10258.359058974598,0
667272.4742916048,65600.43888833643,0
250807.37167017546,35725.99598772459,0
35190.98665054065,93478.7589212342,0
126202.21018551294,15322.009672911952,0
385958.844749913,35096.710197235625,0
342682.86336939776,51316.95935022901,0
407625.0147821151,35144.41956738482,0
167303.86574095066,28687.928492057956,0
509066.29751568136,32850.40727156365,0
185378.74272863026,10497.09521857145,0
741567.129659349,28271.531830805652,0
165414.35990067324,87936.89506944992,0
516407.46226442663,55967.509378459516,0
90795.69070165991,75422.7942700517,0
439518.13600567024,82840.06299439952,0
343586.30411181896,25777.65063191144,0
126155.41913192546,29612.54642339012,0
626613.6846904114,61354.19409209168,0
409045.25093638524,23330.477253064742,0
505736.0166719154,49476.8994176861,0
221585.7277481348,25294.810365518926,0
23848.82155068857,81486.67936598328,0
574279.2138883683,41834.761923598184,0
469432.29342013045,24008.500297555056,0
380687.5183033363,32587.242348104784,0
455441.9825849371,70036.08439506506,0
603988.7594061707,10342.278173516672,0
681224.3065912429,69289.22275219427,0
373315.4814605345,29286.809684197535,0
745357.138920814,23802.48601278331,0
660823.3108611031,5123.371560529344,0
286368.0651162311,76046.7878014429,0
244361.55063649607,93312.45123397066,0
319892.2618230019,81582.13823237666,0
395762.09326283267,15726.47333650864,0
123400.0225923329,17415.773456163253,0
527017.9662365465,40949.557458429,0
359262.1099758528,78163.6923773641,0
523118.23194617894,81275.59923155996,0
547959.5302491309,33644.085060521335,0
351381.29115632334,95412.80822478332,0
472815.569632994,63965.503746293216,0
634937.536741449,96420.06667937842,0
670178.282010102,92967.5317930174,0
131046.38320441186,99578.7995649755,0
464595.0122690957,49425.29029313549,0
149244.63420853455,28214.54291992297,0
547896.3730532794,87447.47262562255,0
53974.28384741881,16249.253504872153,0
464269.4607768051,55896.17279604271,0
20777.209340629655,10160.90038457872,0
540537.6231371982,87316.19843117724,0
340014.8972508596,60427.911162630655,0
591727.9538284175,96854.36553997411,0
581199.700363197,81522.17470531451,0
645507.0970376835,94426.62348278456,0
344672.5807679529,85726.91604650162,0
281142.26106124185,69432.86716904193,0
535948.9310009626,59677.28357017938,0
719937.4353713134,61449.24792051164,0
69197.38861770739,84347.21830689257,0
714793.4919594718,79653.66695760617,0
349807.5563537963,20315.706287820158,0
439418.7015790052,81665.7432876566,0
319917.0881539641,6148.311549960117,0
669902.5720271786,15057.803778955025,0
544253.185411595,71767.8573878909,0
27529.0437871914,84039.19639064846,0
9371.05026534371,79089.92604709546,0
386885.9429123397,89761.43499027431,0
577788.1289053429,55092.939643003214,0
343278.090935565,87344.28951341464,0
741040.5199853884,12367.549813052137,0
347429.41739203193,64947.71606366373,0
203004.53628909707,18118.062246612655,0
222858.8144520038,7344.201947470352,0
524440.3303428357,39177.05531405956,0
8199.74664792253,33035.63554337636,0
631695.8407855023,91952.529968601,0
704775.28659715,50510.91886278397,0
381162.84980261687,8418.372981213051,0
341916.9669365185,32245.848393682587,0
434661.3949729512,78375.74392632855,0
171335.13936714243,58533.26808871842,0
16763.684824833148,31677.921010677957,0
454471.6418086645,12080.050765582417,0
94599.3664698564,96097.48143503317,0
564787.6567511915,20656.944570288917,0
358544.9812474298,23348.454134555286,0
397311.1108311455,86806.78153433824,0
373565.1048884193,26187.915339369483,0
499668.3715856471,1566.8759992258363,0
386423.0767964275,72974.26635105869,0
342937.3208838093,61899.678630229995,0
701923.4537804169,27861.695718871637,0
609275.5981030801,20414.964404437796,0
18740.60210848502,86775.95615602063,0
116952.07887620646,97550.10669113514,0
362314.59297585045,34112.3435636146,0
86632.05425510243,40973.18578014814,0
23976.8794435897,25644.475647200838,0
159253.45959898725,99960.38196044399,0
245717.37363304856,84426.83345858764,0
631916.4663130543,57059.06424668252,0
685118.8922143077,84143.32599887802,0
574600.7430550214,42692.79027450459,0
486876.2880665175,89274.63752159623,0
608594.367241885,37444.46989902112,0
371550.2167429434,7111.6863664034245,0
12419.539180079126,56619.256486758015,0
420282.033815978,54286.43130636643,0
345753.53054828144,89634.80643831434,0
412126.39010308497,35879.49896148723,0
2665.1574462671633,49636.43770569501,0
353905.57722078555,27593.390862240918,0
447681.2657095428,24133.047037478627,0
672787.7670223145,95676.71185636135,0
179037.34970442086,11127.10713373367,0
524199.6086307767,54900.23731298169,0
659256.4018637416,91563.63826013377,0
314207.71884955454,8985.844453375936,0
448214.7646587585,9852.960654687937,0
38518.59399354621,4525.737584326561,0
628326.3755566564,69958.84316680342,0
191966.18210829678,68632.1442843953,0
454257.9831283392,82932.03782093198,0
368580.5906524631,81700.01328799274,0
633176.4250347518,85506.77787900086,0
669463.8085954204,41857.84440719709,0
432983.3065503012,69921.09193354922,0
147756.4639451779,46080.79765512958,0
535277.0456426332,29619.838096858886,0
736754.4220710087,22089.844753395915,0
259402.428736192,61992.0380310714,0
420105.90851864545,2086.4016355304216,0
106887.62189194742,2852.5270145740133,0
543752.1185081189,10484.93075782364,0
112038.8822562939,4841.757309012051,0
60890.83258042591,58050.48331492893,0
340887.71404180955,14053.505244033926,0
158837.44298629506,48215.66286175158,0
199001.09663431183,69866.50011210222,0
221882.42912987157,95850.00826079909,0
511562.1085815969,56963.83202471161,0
432815.8402500392,94519.39278217894,0
572912.4952811484,344.9930929020351,0
196073.18123276733,35075.95025863447,0
601719.0857837953,4255.094358035915,0
450697.3136685293,30185.6138363634,0
366493.80815681187,88483.88686257412,0
128401.34485803003,55216.4395169082,0
126859.97470802357,66278.33476681575,0
168000.75545762727,39608.257185698756,0
712736.1484613335,52498.24895344905,0
183016.30557671358,98309.47416301623,0
569719.2595546697,32014.96906848238,0
270630.8827162593,10789.002451730734,0
420488.2026059688,89988.39321353783,0
495964.1621204721,70562.84450095834,0
574605.284944477,98113.3948273704,0
100559.3656180899,46187.302173200274,0
502886.77058741363,3365.8371147080034,0
510731.8743754599,87606.00936624985,0
312918.4605117164,19433.75656821432,0
510464.86605760874,65338.01349776095,0
440733.03102143743,99966.34066989706,0
150031.85794465337,5622.582955008271,0
379174.87414884113,93509.76581388296,0
732152.4995746317,53055.49406232204,0
384601.277497313,51832.32804558805,0
48010.05463548458,86557.7684444515,0
491889.3203658298,67267.77233725313,0
489886.7538226246,39302.14288830994,0
670932.3065792063,25448.30046455635,0
68150.83081586243,77892.82082766724,0
232936.93390846727,61841.85617542295,0
102405.30861518973,80622.60813758806,0
418919.0245648998,58544.02637586721,0
252149.06943876806,80086.64393882634,0
93174.1000887955,77679.52100983726,0
420533.14814165595,87288.77840277358,0
347712.99115806073,74521.82838655011,0
134485.95629431182,53097.329345505976,0
524461.6775370584,19668.72655680538,0
641059.4711876957,77902.52688224186,0
526938.4139888393,40055.8845873869,0
352592.44701039273,46338.12661458947,0
727575.4136332641,86179.71979098055,0
515293.7418918412,14852.50595895702,0
313999.4419245527,1886.8899101267543,0
737056.9721279853,92270.88289552093,0
500743.83116977016,95227.08366743551,0
281498.0685079077,62812.02395074461,0
302628.9319576809,68498.35708087574,0
163425.0243444417,35878.67629784472,0
439798.9541620412,90248.23579957694,0
110214.4502028703,79289.69740709446,0
387175.8860247985,57095.690035547996,0
173132.2671161501,63975.81051605615,0
192496.71555496275,10945.392443257917,0
635236.6294562377,98574.84241566264,0
446024.6137323653,72419.84471902747,0
638642.8903229445,86323.51227860368,0
117755.13029544683,22826.457858739723,0
485403.45544627693,86052.33663513497,0
155655.82961967218,26364.491592074348,0
436979.0089991389,68856.09145401965,0
469150.12194162235,39505.09700259924,0
644213.2007303642,32719.81783372857,0
287029.440254132,90897.44045368419,0
90191.4836636854,99249.26933240148,0
732704.626759585,1559.3620609096747,0
610550.1819225943,93788.52385350382,0
46291.17292086035,47854.60821124556,0
364622.5768251348,94212.48345342642,0
648344.9126920442,23041.13075130553,0
201214.2576528148,87453.84521377654,0
536420.6152623442,25986.58366004698,0
701584.8151496451,31213.057343743843,0
442284.7348379888,77329.21574780914,0
450263.6127737615,23543.701225354096,0
250066.1725932467,98553.2461082562,0
239378.66793647126,29920.24899439688,0
347261.380079156,48474.56227564749,0
71368.12375697707,94877.50480505725,0
289455.0256165539,6777.251825026454,0
55589.064848832386,62689.82242184836,0
315143.3080740852,22412.553726809747,0
246686.06990758597,65993.1383304721,0
291042.373081182,7268.9993780183595,0
640409.6090549779,76751.39661061898,0
444848.32822596194,61519.34269766075,0
32490.40270704423,18524.902429933078,0
740887.0745057935,11034.616994693291,0
271544.661588899,27297.3474747796,0
457195.03825388,66219.39624032214,0
223532.40263563508,91734.01142368469,0
620304.4540727246,29177.438300027792,0
459006.8033490255,35817.98221054758,0
321294.9681232649,78917.46324742278,0
475126.5411169265,31222.73263045947,0
150574.49936146036,95427.56081010279,0
37717.26457885238,33974.883700747625,0
503860.4531601711,92373.89481383999,0
523380.8160425109,27875.086005236117,0
257181.48592758784,54138.2918335219,0
316472.66466125165,79264.3031689053,0
693400.554552117,51718.64799925944,0
343152.67196694505,19947.701972946164,0
170243.5369787817,75931.544306868,0
391788.2279156107,6695.289446717578,0
437658.6705271242,37679.446427121766,0
380777.87400948076,44817.64383598789,0
72340.89937750001,31387.06513240137,0
337441.1260829448,33021.82452811319,0
377734.0147876579,66730.89013222573,0
374487.4270104196,61891.95884598378,0
623415.4323516103,73539.56103630707,0
252297.66472387954,22067.791289333072,0
226577.29901188915,78346.35492587248,0
569631.1971025175,36679.90823136173,0
528614.0719604783,39819.415039259,0
613305.2561382613,50867.281119893916,0
276784.70122150064,97869.03346349794,0
663441.6741960067,84998.30511343015,0
291929.25380805036,8495.476284292692,0
586100.9437649617,46100.97748430566,0
535963.0253413487,62267.91832450659,0
432494.5958639485,23716.538932100382,0
121926.56212024963,86114.0007512837,0
613497.3409982586,24943.911975391264,0
107154.22833446201,56789.712067708235,0
108304.85534544126,42743.1212830386,0
282203.51778609824,3365.6481470284994,0
590505.443472275,75105.66365006474,0
309102.25546249305,85971.59342184337,0
400636.3358786723,23929.172450231472,0
723773.1513683242,14811.868517503324,0
174839.6909750676,67972.18126640025,0
584439.0270184075,3733.2869465664944,0
158698.64732944928,12960.13885350784,0
358197.0171500695,40231.029642128735,0
578847.2993569442,10579.457950186588,0
566546.9012205658,93686.58864532982,0
681184.8923938583,4258.756704861755,0
262491.0377670804,94375.04224392088,0
367174.5971992275,74871.36296144756,0
74643.22795594334,15029.063318193781,0
54838.71119145401,88749.6406405415,0
349710.58107572695,38796.26246125183,0
80605.23045253237,72794.79132320704,0
529740.7628773048,11815.438664271349,0
607150.7005257704,49108.53202842784,0
268532.15409688756,15118.766009226136,0
677291.0085059975,26275.84504331516,0
146493.50023579964,76642.72505531073,0
170854.41837472052,29619.920849783866,0
87756.22701161959,74772.0860330879,0
485390.6468539095,68794.81649274607,0
74814.16093824845,3392.0476770848086,0
712033.7676384043,76818.738880038,0
19763.43750824211,53604.34716425082,0
472274.41841857065,27081.11118389951,0
59374.88586837822,16362.088168182598,0
193614.21091730575,71830.70421135894,0
80187.13952074846,7080.745396461252,0
732206.6982631771,99153.04328210838,0
742012.5422573556,4835.359854975019,0
25032.789187363345,45863.86640673216,0
531739.6078508883,59741.9538924732,0
421455.2026958177,1356.3955148217399,0
155230.03760447612,7885.097119591577,0
407719.82386128494,76705.05015569906,0
644903.4115844422,62424.94537991956,0
166619.08901464194,50072.580756467076,0
601233.9451343281,43930.32687903974,0
497685.2990742941,2501.999033043256,0
296473.40106475056,86236.10627633135,0
618126.6572379078,7001.770455901735,0
4813.282008522574,76548.12520285437,0
409306.2228772791,65409.77772428309,0
237090.34410063195,31341.06859946001,0
453470.17165257054,8258.822007378663,0
106697.00464586676,67915.9322943873,0
474060.48719993635,43401.85540087073,0
537783.5903954005,75687.5525578079,0
97681.32249337091,34856.33127940785,0
251639.11973966623,40750.025959697356,0
415626.9414786962,38360.60185283248,0
697184.7048528804,16229.396578098555,0
435329.77663409314,73871.6665351877,0
137484.73308747416,89410.85533367613,0
113019.7362478195,17469.93114193558,0
383428.9313509357,4260.072804813742,0
610211.7373830639,20517.816427204893,0
301552.7107404437,63287.10335670139,0
511643.5086548795,90119.38082081448,0
352516.9230296185,49648.579974343265,0
196682.157511773,56648.31481315915,0
233071.368123865,31274.641401831548,0
97787.45367456599,4277.179860802438,0
636422.3455204586,71375.05176594286,0
351634.56475903053,21954.601922193517,0
612723.5916582415,38447.1295899671,0
105996.2099448202,19340.144148359796,0
289475.68747544877,1085.9367222319504,0
368557.049211376,43737.07209797261,0
415758.7876123969,93300.00153718394,0
376065.38383726,83355.55823864313,0
200824.9530078635,38060.444570296124,0
386860.65318631905,52218.65998760961,0
289665.5103045922,26923.281813256384,0
267931.2091792737,65391.37031000276,0
630682.8645433586,59801.58724290374,0
260107.135771637,3839.8099754692107,0
393357.3795373207,88815.84563971827,0
177049.6488040371,76353.77169248473,0
611854.5653070647,45265.1558193107,0
189014.8592749275,3906.270985713067,0
399444.5334377516,97714.33026524344,0
391954.5679672552,57742.232649000565,0
209434.3856186626,72223.82307655842,0
177960.532596728,62656.603369422926,0
448928.6434929774,7612.873863327396,0
93372.96226169953,97535.3531772574,0
550558.7197533487,32244.871627582204,0
524893.4717192877,44333.760481963145,0
526410.130633333,99442.75599196316,0
481809.86899863137,92981.78611059571,0
36457.38335349183,84808.06481709206,0
214734.1842820871,93363.92263565637,0
429663.8862866767,67932.9296005403,0
729825.9736481392,23982.443454624005,0
581966.2646261684,69430.75020349547,0
632433.7962981684,28729.21451501964,0
244887.56958931574,5401.692857236462,0
736063.7256722541,92318.4157638752,0
610388.3179041768,86822.29450852194,0
420796.6785515562,75800.4698826529,0
282797.0937997019,13283.233764402525,0
148000.73518336736,24925.621752867057,0
48395.90774121541,34167.70799273184,0
143248.37009914877,60059.500159857984,0
728348.9244244199,42394.368493882415,0
652670.2268531835,89874.63876084551,0
868352.0538065445,937575.3221914397,1
927295.1684626467,508982.50147503207,1
864473.5922287928,906221.4622010747,1
824325.4391120771,500480.08787415485,1
916119.8161584913,428469.80536468,1
900580.512815707,431409.6117778835,1
996829.521081454,689643.099330781,1
866806.0682182622,579023.1918811705,1
780481.7212186399,147734.45815956895,1
880246.889642166,115957.7010968419,1
756985.9111723879,967058.4334582672,1
818398.4254744377,637133.4503089221,1
801679.9411502207,863609.0798568112,1
780343.9190330954,615099.0894223303,1
913479.9646088054,529567.3004187108,1
892439.5198548306,183028.77604233497,1
994997.2560308296,465993.26724126743,1
913553.2400778345,807958.5178790959,1
882308.3351618429,493619.55268906656,1
946001.2153586566,853954.7147568476,1
800430.4842782766,634652.5726550376,1
813139.812303634,636238.6829435575,1
953254.0468701806,160935.4193396705,1
915279.3977591697,445551.5418110711,1
781904.6941613199,638026.8055141189,1
813119.2318343949,390476.3342726469,1
786716.1621569361,897801.9522979419,1
837643.9565428959,888960.5191550883,1
962117.5461350413,170765.35162856372,1
993888.5388185313,187727.06281854556,1
867247.2434372836,597645.8498563782,1
987348.392232497,495287.241515141,1
784617.549841016,664335.1812016544,1
829356.4412907627,785699.1283237986,1
766904.6488950762,943781.4790660252,1
827883.1600864204,709049.0308108006,1
753797.6311899441,266582.5461540666,1
922821.8069860466,589213.5201029112,1
972154.4900791649,480658.53533079685,1
967421.0535084301,223588.26038896438,1
937164.3609238628,810312.8617931618,1
818902.424419638,658479.3157920579,1
925131.6048828174,633440.9299407578,1
936657.9497510607,686199.9096485054,1
760829.5864165461,765369.5170343334,1
835734.722407951,449818.5407536847,1
798006.0740268392,821831.6530749518,1
847388.9108117498,815323.3287890317,1
964871.828342553,884386.2440541675,1
991018.7003188964,388318.193524225,1
988718.4327595733,484520.4448640315,1
885983.4253185586,593266.0501460503,1
856151.4522694832,832652.0841914489,1
839542.4764755262,730310.7578051414,1
960389.8675097683,664056.2867376879,1
904477.5743914222,512412.0754925709,1
991580.2190330648,522585.49005669716,1
806300.798599261,661738.2752890242,1
807176.629118777,541715.7330420231,1
978213.6784119505,628721.1385800241,1
771881.1625437427,901485.0159331408,1
915297.0192380956,623343.0470317495,1
978581.1329930923,654740.2290160338,1
972422.9273633065,512942.947610056,1
898831.6440413224,868197.9061340366,1
772071.373173059,872272.21798606,1
903701.7311607576,813263.3537904038,1
902824.970682557,206057.26627556456,1
962769.2876623231,386508.3556686416,1
945690.6401688813,473484.79034429207,1
789586.9336583436,553005.2056947168,1
869945.3589600326,762018.5923742435,1
913824.7943991907,155355.34635372253,1
869708.4260973223,145618.2350412215,1
814618.1335234389,481754.83426600875,1
894148.5624031667,248218.04227025827,1
928160.8349775732,969755.7019067451,1
990078.4950547253,973854.524092969,1
971773.1271162354,596756.3094563591,1
773651.0695013583,925909.4205125523,1
886751.6990495385,627824.6926895776,1
963327.5615019258,245997.25337783303,1
807711.0981136122,173484.52231204492,1
803856.3344685497,616724.069473435,1
753450.6423315433,442400.2836380385,1
829318.0465730781,628238.7910968828,1
808823.0119905892,966506.290782009,1
784014.9811170775,674665.9977221834,1
955568.0937780254,896279.9105616304,1
788137.2921468596,587104.4700565978,1
923540.3041148772,762486.5027757192,1
828790.0484446205,724274.2503611639,1
804347.4155099387,692637.4630340269,1
899841.217110964,734887.5569006156,1
843159.8946063265,788168.7624040926,1
947937.662408697,396031.12477109756,1
752167.2285139512,157166.3610860031,1
963259.4801656391,455415.04086727585,1
938877.81692736,839107.3222512235,1
800131.8511096482,443366.5774097053,1
904706.5700989608,805375.9963047481,1
978165.9459021697,918133.9041812676,1
860804.5927595673,822281.9170719605,1
998281.3976743887,153527.60194717976,1
833377.3554054927,214061.22778389277,1
809386.1275504705,430726.4800503229,1
817877.8343086514,241524.95395501886,1
845789.5567625086,309725.7294759465,1
888450.7074959523,863833.1028922338,1
801153.0766565085,648905.28616526,1
896956.782917771,104300.17288192437,1
784203.6972924824,573936.4155917896,1
832647.4727202358,641608.3195820333,1
824692.1610084574,450408.7820724951,1
841885.0213722965,571842.2738840024,1
868786.1643605273,676007.3089544374,1
805816.2850886813,681410.3545496529,1
949825.3019408839,650841.4590728931,1
971737.4339676788,313705.3590206811,1
890328.8746635312,868705.6052466138,1
850787.4376581828,423682.27027600067,1
960945.3272101989,686716.6182420169,1
964956.0553300759,660573.1165041978,1
958904.3422112239,986332.8860906282,1
996646.3613516368,452501.9173543683,1
952146.9920579359,315947.8321519124,1
919819.0303383978,604792.2356623224,1
775392.4209633067,267666.1804369746,1
873708.8482591723,775454.6351546568,1
959563.3477046634,982496.3362171156,1
779159.669991348,104030.76763192166,1
780994.8044815296,755636.691309214,1
990628.9019170514,639508.0563010324,1
844836.4362595412,419729.7644707676,1
920339.1093313642,423584.1774647122,1
985608.9769057437,406884.6142700244,1
993921.9815010543,832376.4555535684,1
992942.8263747978,676583.8497053448,1
909233.9980172297,698683.4162534802,1
878013.6949918201,580583.2367934865,1
870642.551901885,279293.93328596535,1
793501.7836251492,265300.4470686775,1
800327.7891804709,743905.9216257324,1
967064.2310110446,456152.98073307285,1
960382.3280927103,254480.14006887004,1
841664.3529092823,357695.9825593875,1
993064.8266105904,420983.8106118909,1
892567.266930332,571980.1650374292,1
879070.1097017273,298168.7942367471,1
753666.7403857224,357592.56197758485,1
858382.202320578,725728.5536231537,1
856824.8890786666,105177.91486793765,1
892790.8790065851,736864.3731748181,1
910170.2833360964,402662.06796362414,1
998464.500799563,588129.1861190335,1
842934.4728842787,933155.4333481085,1
848261.0340744506,771855.686183241,1
958363.1556764615,751711.4275905142,1
894755.8955836531,319211.4505233662,1
990028.6376879341,197445.66666451137,1
827632.3442636207,654292.7831574427,1
754220.1015626866,848762.5095531637,1
812404.8400553266,709206.4035198606,1
861607.7771288623,313042.7468806176,1
916408.0920328218,107741.24486908766,1
875251.2156460446,787766.1112055379,1
795503.414964689,776167.6396889812,1
848761.4302676124,628101.3928252523,1
801659.6893216883,408167.4943413835,1
941712.61300787,605102.4941410571,1
976979.3437088134,416085.1023840542,1
939048.2909462019,396824.27012391045,1
854479.8262565932,872648.3755860025,1
861042.8044655966,161422.02615235967,1
981890.1583087078,962624.4431365601,1
840840.4791655224,961802.2082080811,1
760154.3989064608,100738.50011048786,1
809155.3168718502,831162.8555352255,1
776727.4827464191,466080.4101579078,1
930474.1053210241,380066.44746679574,1
784504.3397781292,305826.5942347307,1
968106.0774904665,595399.6333834581,1
893336.2966340056,991754.2612685476,1
981647.282097854,390624.15506008844,1
929225.4526657446,722694.6716949397,1
849167.293649543,217536.12919844876,1
804010.2933931762,434367.60031990835,1
921425.4293749491,924783.139726995,1
778107.4863295227,116106.44636105561,1
973873.6500077628,519112.3617859788,1
959261.5524985594,493747.2445302719,1
842323.2377056901,534915.547124082,1
977978.7994998677,850296.8579128606,1
905376.9451422531,622266.724509151,1
882449.6609516833,660652.8195709615,1
886555.409055436,721079.7078193796,1
908743.5104461662,693734.6465135878,1
980329.5168039537,907848.5489661734,1
919334.2532451432,734384.3910666695,1
945681.1959951648,153155.12201190228,1
889813.1609986209,276956.35431422567,1
906804.3725447942,946626.7598479211,1
958392.2387051553,468745.04229724914,1
924658.8067761122,619630.0576477384,1
870562.3003367182,323927.53741380025,1
803480.2275536753,588748.2406094385,1
888157.6843493917,930798.1566309171,1
932119.5709626441,193903.77497135784,1
863992.9727349281,707181.3764145757,1
975159.0869343318,494657.18078338803,1
843412.8507039797,133429.74110222157,1
900741.0962458457,661563.9110962308,1
991032.4115606121,980130.1531078555,1
803631.0044433019,433030.9687732988,1
850781.9636260128,228675.57311118947,1
764538.6895932138,142373.06101417044,1
784978.6364779951,387118.24483599485,1
942113.3285027435,227123.27168253373,1
856979.1756823263,281741.9086539431,1
889144.7536391653,249012.3974951349,1
973380.9139408343,368359.98309167667,1
866076.9973292201,316881.7892120213,1
990676.7420789253,865331.2454106853,1
982989.2164546729,155946.4338175154,1
936413.674663339,875267.5464058963,1
815409.0343042949,414354.3193630941,1
972918.1447614861,190480.6585213062,1
855602.1408909983,441403.5876548628,1
864707.9678030255,255389.61696262867,1
942208.6071625361,984169.5377469098,1
974050.1362481122,524208.261203501,1
955521.4894226852,789596.1385654465,1
936117.6204593134,170314.61143295208,1
751734.4990228679,443582.3827808669,1
973853.7149737276,652631.3915327744,1
858842.8945956908,815162.5025010976,1
876624.9554997105,951210.0111143984,1
899042.7312150782,546462.3912822669,1
985818.8227454654,939064.8036817015,1
906244.0407855515,906071.6243594985,1
891238.2423583847,950341.6969292349,1
796392.1957505271,178866.4552547255,1
836824.3812008363,707767.1927517467,1
978112.5782197376,409693.8485939488,1
991266.1619441751,274885.4921360932,1
770648.982288965,240273.23434880257,1
763208.2887698893,122119.229985594,1
929505.8371942762,524963.9994056306,1
976804.6901647678,936357.0809507115,1
815607.6139708651,740919.0705556171,1
943063.3596692246,253641.8283786735,1
927961.9271504724,507083.45564739814,1
843791.9008547859,492074.8301492252,1
797522.0769164944,288220.8717382953,1
857399.3651451111,175991.5990155422,1
869394.0309732459,496295.9972203363,1
943434.9813325974,151193.0656770883,1
907458.5141818179,709678.3883765355,1
844003.8862501198,460250.85295370553,1
941837.5468053434,463763.7789171542,1
776271.2067424776,573151.7940325034,1
771815.5184001119,787554.6738229747,1
939360.6737623604,663752.9644141281,1
965900.8254340871,974951.5032146667,1
969592.9811527403,889677.9353749999,1
971721.8390384545,228311.41189869313,1
906188.3829725456,170291.08622866537,1
751904.9093216169,176804.06825985064,1
956633.8013998063,234390.45050509355,1
766356.9339594515,343977.43078193924,1
991020.2552562174,857524.6782768032,1
756979.3984829887,797136.6749977411,1
899186.3381717472,612873.9571194714,1
977412.363725889,192885.40918889368,1
950011.5201445795,233696.70481253162,1
891886.8915040072,700802.9415497676,1
929322.0519980518,494941.3542614247,1
761495.2327389936,351415.85832800914,1
785511.4844853608,523897.507917672,1
754998.5779171421,133778.51849716378,1
808499.7976895851,842002.5605819973,1
820607.5265199405,213510.5098947811,1
772319.2177623347,332241.9935613056,1
834354.043351443,419908.3730980023,1
970718.2904623827,866419.0654961654,1
855667.8922097269,290145.9195839092,1
898718.3181094944,319148.1322723953,1
776853.3782725703,108608.25430034372,1
971057.7170475321,648772.2659932154,1
898804.2793373797,145641.58088319818,1
781822.9895448539,332313.98750123486,1
918141.2804569602,318672.3323607972,1
967005.7334629183,601954.2708108504,1
818511.7906702536,486072.1010688945,1
885722.2808879409,675751.1317552244,1
877758.5081895386,952901.8820178579,1
794329.3531144693,523101.9772895807,1
962722.1843614863,463028.15385246096,1
894233.1770919873,997789.2594207533,1
981132.6801615362,492614.44419950893,1
867257.1113412472,359586.5431219238,1
857943.5853064959,657381.6753547987,1
868866.8863453087,464568.1587079941,1
943160.5077720014,527001.0967751564,1
911066.528739023,994549.3542997102,1
778484.4767629714,981737.2323626685,1
863620.5273637623,874399.0640090528,1
788142.378864562,677856.8909247562,1
904984.8504206596,878252.2361299773,1
766528.9036357194,316351.8955075807,1
992228.3780555995,695928.7954826577,1
982266.9106869731,552662.1605939677,1
826092.2873817721,843206.6952305349,1
901214.2885549584,104441.3373434324,1
763658.9617874766,763076.4489250027,1
919926.0861363157,277406.5465795263,1
793938.7252449077,815101.1576552453,1
857206.4029860974,452679.78269127343,1
779206.8065492621,402162.6682544155,1
979725.1191172986,691170.8164549154,1
921848.9185147926,300698.1865005689,1
919945.0273827596,952162.998622546,1
759855.9748862552,870467.3849005399,1
951465.4982862617,444849.4179561017,1
798640.1094567173,249407.04443291103,1
913548.9093985428,440176.6780537853,1
763402.4669357416,409630.2562376877,1
842601.4024626099,877630.4183532915,1
983038.996748754,233368.8657057362,1
944893.3267619134,867974.0553772778,1
769574.3121388478,659011.2024362367,1
763242.9104755821,298232.1438102288,1
802568.917249091,736050.4490209308,1
922025.7016265604,142059.16133380146,1
755951.2524511579,550420.1095789997,1
933836.4108914429,745757.244103897,1
780944.3080349038,463149.07140437706,1
891601.778916998,291286.11223177443,1
820919.3230568441,121979.09622807002,1
875010.8509319908,238707.52142634132,1
822536.4877238147,405873.4133723288,1
879305.0236973912,798493.4289285201,1
842325.5043043538,623953.0701144731,1
829641.6407331928,683673.6985667457,1
993128.8484541902,867846.2190891635,1
786686.7433015456,357992.8895289623,1
879899.6353804965,940496.4047145499,1
942359.593901963,912740.2511672712,1
773037.8607739684,501013.1257393322,1
922494.3125507468,470648.0993783834,1
967684.9839780191,949444.1378952331,1
906820.468837268,847538.9359505062,1
764026.4062212965,830751.955157998,1
978300.4640770666,746207.8668490642,1
876433.0100190553,656440.1585618631,1
756262.1342540866,494716.6159935242,1
818432.3867269773,248217.0620687617,1
987506.4752038557,282850.79765729,1
994099.6971663722,907526.4732670903,1
869334.8960407148,471440.01743706793,1
961192.9643434798,624210.2232013629,1
953738.5805751602,829774.811452717,1
942636.4187283266,403575.92341238883,1
938868.5170681371,993399.0848153223,1
771233.9673466084,766526.8755357745,1
962636.6806729978,898300.3083706977,1
966933.2513990304,805141.5185704661,1
971325.0549309866,350181.1739977886,1
993072.4251640884,830065.7299861277,1
848547.7833278361,239067.0240234683,1
993584.5355065851,484934.9329307222,1
801424.6062629126,156182.2828074521,1
790686.8929967025,805548.7698005758,1
820812.252412296,751618.9941186801,1
988682.8057648416,473402.479479468,1
777727.464313179,852987.3319640955,1
885402.7784951509,536785.4787307774,1
791685.9469443783,376211.69847243256,1
882055.7211370403,636232.6459902385,1
890400.5132858141,419482.12025644135,1
951903.3720514281,329699.57681552775,1
779188.9163912971,707069.9526565063,1
862619.7437867312,966811.6730545354,1
827293.649011986,433098.3260831753,1
867755.8574473225,296350.762009721,1
750798.5721153851,279597.6072815837,1
998763.5676723293,782283.3298956301,1
792763.7357179583,317344.4319763724,1
925334.8393121723,284584.7214712049,1
959808.7062612963,471054.80637074885,1
946682.0867431444,628619.479576763,1
984354.0005978533,756699.2442769791,1
898421.7236087532,817202.2622716784,1
757483.1608679268,999273.7141363962,1
826379.4541065523,138217.63654992604,1
807631.251254759,372681.71356339176,1
993271.4024488563,142248.78620493086,1
927260.374084039,153504.97738485795,1
875005.8119962579,338884.64489875676,1
917728.5603335024,478925.3940161718,1
787464.9592326719,869252.8681908925,1
880452.6057250673,250782.21584850358,1
944814.4244525755,770469.7573255814,1
870961.0054948087,176850.59228505078,1
790462.3062376312,231551.0215883535,1
914328.7928576369,487723.2242910461,1
764002.710248756,626559.1067453995,1
751274.9511675346,406517.9836058397,1
848148.1294671908,905518.9664774203,1
987833.5807788144,928984.8368936864,1
840610.3367142328,969918.5735080463,1
833890.3423007865,339434.72773705935,1
787864.2804751088,678658.1538845523,1
778403.2430828636,920402.3128593359,1
782922.1569366566,553019.7109073857,1
776802.6671222963,337395.261373639,1
901213.1264023565,989307.9872631858,1
986393.6814072079,624115.8324147927,1
798021.3063687074,422453.4931086395,1
871957.2463033294,194021.0288131379,1
929654.257284118,784208.6858241423,1
792436.4384262294,205973.50416852304,1
976514.1890286624,612922.8582005932,1
937141.6076729621,993563.8274724793,1
873419.8940462472,312329.8715685091,1
977745.2562920218,550935.6285031695,1
859137.976627374,600314.2413341904,1
808518.9821242042,527681.1512751497,1
848962.2934992892,652132.4941977094,1
951480.4800957141,157059.70535330297,1
875684.2709649331,166319.661529527,1
831417.7698972148,250812.68700442245,1
963332.1618759491,825412.0941145703,1
992512.4935242673,820559.8957064926,1
993451.9296219223,573304.0102095301,1
901961.1818591016,124159.01785898239,1
857862.7338928119,809922.0617981757,1
943652.665023766,538174.7358949285,1
806891.29547358,358500.55223104975,1
966402.9894709883,197232.0792260518,1
801238.8041064263,379675.3341174213,1
940442.3795161903,937998.9959014768,1
828444.8101342355,449648.8982087885,1
928587.0356419574,150155.21869623047,1
979795.2816198375,897994.4948359843,1
961301.4106426255,903795.2774873815,1
783842.0942353706,716893.4812428989,1
883919.091647676,729568.4400502043,1
819547.9585403225,433472.1141424826,1
785609.707112836,721783.0860230288,1
797777.591958337,181913.57452616788,1
996484.6216342469,574187.0962150553,1
805170.659164929,696424.3881575589,1
897688.2576103235,586672.7419944957,1
798314.5031028948,147715.73838479456,1
948399.0801032934,773222.3571145881,1
940701.3402506565,832969.1446426715,1
766181.4838434668,665227.9666386885,1
798688.2847732233,941675.6127525733,1
954895.9791426939,738882.7179260445,1
820987.8279787725,219173.7423411544,1
996943.499611819,200701.0392063865,1
853078.0550844717,442404.269494213,1
883011.5279610115,138357.04227952898,1
975731.9209950543,190700.540887465,1
930516.8256159874,177031.7461747813,1
911815.8799586995,219338.3163281473,1
928848.2447575937,513084.3276069157,1
829567.878394614,153536.19037578173,1
832066.9516422071,232810.9966013499,1
927388.2252228527,203738.71721621967,1
903465.7411367869,472194.44659488543,1
751205.3281861598,841823.2556648602,1
878817.6293365427,453078.32083247753,1
801969.2495702626,386205.5163538307,1
868532.2510478704,188508.400291024,1
807207.4144499116,891857.443260745,1
850266.3505235111,928627.0121193485,1
790536.3815247912,606900.837261851,1
860845.4496734163,174071.32168799828,1
941656.3490089778,714226.1043199446,1
939273.7599510961,380325.25932494743,1
931728.0563658888,697562.2440409885,1
816164.5919555827,919071.4516747314,1
882877.6631403964,535836.3416590472,1
874288.0434051375,882230.8319930093,1
902644.4720436181,169057.77812181515,1
926286.005735336,230875.93975180673,1
947992.2820454203,223494.42644758092,1
831252.0153473443,479060.0984412814,1
821379.5369509732,435470.39294410445,1
934187.7474996882,763129.3769017216,1
856667.6359757897,445618.63213192543,1
766492.3183273871,677693.7834564557,1
814805.7524667693,845837.1334505479,1
997214.4634839904,798781.6945462957,1
952792.8927748195,739522.4391917866,1
804301.1079736652,818447.3273831597,1
965402.1978710673,151888.63197694806,1
759176.6829045999,554101.0325777724,1
903735.2474596808,772647.0565209377,1
853930.3630494297,328165.66995356535,1
857246.783552013,293551.5201109961,1
907818.0241130424,999213.1397513298,1
802486.6072342098,573745.7499347661,1
971137.0529376083,390218.0239907261,1
911406.4691997343,272081.1472992124,1
960946.418730135,131992.9241015931,1
834812.0702433488,750455.4908994269,1
906378.2386221399,338767.60441358015,1
992085.5935608048,938689.9472123474,1
938044.8128168258,807002.0275507551,1
873962.7916648202,659221.462872426,1
849389.8818933369,330014.89932607615,1
755809.7838628732,773756.1708963021,1
769228.1954342559,478712.8333968014,1
762608.3716399656,227653.26707726545,1
823156.855643954,917563.0658819266,1
799406.480146392,890425.4154533187,1
787840.1423301795,809227.8730957226,1
925282.7378397936,178192.8071506417,1
885593.556811383,457497.20472544903,1
883212.6489226124,158500.1203305044,1
873485.098069548,544170.0734251032,1
846305.8173654187,354321.70598993986,1
914897.4510928545,197203.091194704,1
938382.6362711824,816769.7416614803,1
967582.4887403799,359591.99459123786,1
918492.329235777,128389.54321362072,1
975044.0209298648,188215.5722214573,1
978579.9543111089,185406.5368533997,1
964199.0487368479,695103.3024017764,1
900913.0087472695,834757.1378041749,1
949987.325112606,448196.4443821429,1
962434.0658619852,669218.6838770086,1
832409.0187810635,951505.4018393331,1
995420.976434466,716464.2212844625,1
869897.2674203371,928093.856117362,1
780195.3587469091,681984.698900416,1
980896.3623656853,849129.7545053123,1
835501.8387317568,415082.1615908815,1
915367.8620835393,264804.7713628694,1
841679.0779452643,228083.48960163572,1
988028.18487323,304147.7015648684,1
830129.4602264568,380174.736581146,1
872424.4506665008,215075.43559799937,1
994738.3519535947,142265.02230003563,1
788413.2427670342,962520.6173279351,1
943024.0195348588,362568.20926570345,1
992067.7625918643,883532.8765626375,1
993105.1080785077,934125.118752898,1
873971.1222487455,748614.2882441226,1
828949.4250241285,784179.6063674181,1
795965.5857787638,109215.69604774736,1
935124.1944345196,991754.1450698648,1
824079.8002706843,693299.7781640227,1
828519.6243971509,159951.84014404519,1
820169.1584954242,422564.0984307761,1
930329.9614299093,557822.8745836415,1
759682.0725070022,998358.8695437893,1
879779.3104454217,397923.06653985876,1
892163.2149820976,683115.3477651606,1
833647.7602548903,973635.7364601394,1
758668.3400561634,732933.8759639618,1
986314.7455541996,106017.84417391472,1
996002.685601708,786137.6224464152,1
919550.4253089085,639724.0541731139,1
764361.9446197138,141689.28640411067,1
937191.1406250048,182592.3079906448,1
941085.3235724684,490229.6206087191,1
795576.514281267,459467.58170588256,1
993459.871038942,860020.9889229552,1
943065.9502046352,789914.3960147911,1
760997.6694445534,308411.70712145127,1
974501.3215196463,471183.33382214134,1
805929.8745550604,372859.1392305356,1
872909.6053571202,525664.139463485,1
867614.0266028792,835990.6858749174,1
853270.4559589644,189003.39948978252,1
761218.9264386941,297697.0816930039,1
880606.2297746963,684794.7330969814,1
921870.6026788987,440335.76548102184,1
866383.3546229113,398882.2239527916,1
992559.3522906847,795311.0212279008,1
871301.5515310792,295191.0997544943,1
888477.063754749,910388.6324472453,1
803424.6906805189,966054.2049005876,1
924265.2096547055,565091.7021516465,1
969472.4817980507,667101.2166494654,1
762573.1705122388,379967.02536004165,1
777212.3946276368,297377.25005541765,1
837227.8117323893,559812.259737386,1
761179.3406175845,326064.6529043589,1
843716.156786651,537110.2111538502,1
989038.6684394988,763827.0660201559,1
863774.9024302905,936849.3316427505,1
759693.1639155822,796502.5796353064,1
804697.4747208151,927934.658009933,1
996125.8705060955,462663.61327614833,1
836133.6877984559,204648.90125853143,1
990187.9924707679,966714.680767174,1
842965.0850115102,901748.7976209881,1
788883.5172965572,202993.656531028,1
935569.8384719018,177951.17629570473,1
873958.6165449064,396261.245715156,1
773808.7956831026,555294.1116759947,1
981280.1339417417,838869.8407698894,1
762856.7196569374,446355.6281494756,1
861065.4505688468,389233.2260274582,1
985560.5313988581,421787.37173585535,1
818563.7240278969,466248.42202146084,1
823910.784072321,608527.1123942981,1
830852.8483696078,574556.9300157754,1
961065.9540853514,547743.7519166381,1
931683.0735385868,808779.5744281946,1
987052.3887159628,654602.4977009351,1
880175.2878704388,318994.21806186216,1
842401.1719395521,102419.26611499849,1
947663.2282913671,377197.56362744793,1
778122.5791089963,773636.9148304957,1
995870.8590869114,240200.43818967356,1
970248.1878949626,952771.9081624978,1
920013.8077534242,743104.8632725506,1
881815.6126934238,204266.93905539904,1
794657.5154625183,330921.6254985127,1
854062.5260818991,608501.747243214,1
862540.9198618309,520233.9162590837,1
769736.5884105887,873043.4888396347,1
925973.7939534503,798326.2687237271,1
797525.7577613225,854981.5731154326,1
998896.0245422556,780600.2012084344,1
909592.0464219665,186399.97340087,1
753755.2484647239,315274.6328996619,1
825602.1397708476,146843.6779375773,1
972314.0406355832,666375.3689061521,1
977073.2295945319,938008.6745449752,1
996122.052927354,932125.6804760704,1
987923.2102126861,563466.335805519,1
819276.0335036386,108720.29642720196,1
815965.7729953922,564094.5691795845,1
961011.066607605,802618.5507728104,1
876993.5091030203,109994.29187681564,1
935186.3237552736,547111.9233836783,1
763749.9041442365,333678.65684076573,1
791412.8116796863,897540.6479609883,1
898173.4231559378,632460.9427151226,1
923576.0467031279,414378.75395285344,1
866047.721456766,394055.7605302809,1
925322.2027679943,168503.99823279076,1
817669.5070442765,910924.3151773833,1
803108.6188374842,958646.2993245943,1
947958.4637247813,493385.7458136989,1
790065.5298486266,427149.24257469137,1
971929.4637188569,364819.7988938854,1
954151.0795952172,329088.00829203246,1
978861.1087539282,784266.5578419024,1
869500.31240706,104894.90599878888,1
809339.167375197,114709.38270820866,1
983360.7543881014,289142.62665095023,1
796473.7454443609,174486.78827322117,1
849764.3085989711,879417.6686662476,1
797129.0681860065,477346.2172167997,1
800084.9261864929,647481.6675272225,1
916037.6450283853,434490.07679297874,1
956170.577692654,653960.6538887384,1
786479.8119493698,194200.31331670767,1
810399.2715676876,179533.2026611333,1
802633.7396312734,782069.286877406,1
940202.6045322418,963098.0856575693,1
779221.9917209558,814575.2900845045,1
888647.2927522262,883302.6093973579,1
761868.367520104,954856.3526838697,1
892691.8162984281,288837.30062161793,1
956496.4070486638,154951.37322000018,1
874234.3586905417,522656.95317523356,1
896880.7470390818,441851.89457819524,1
778702.2812557139,224983.75692894246,1
993328.7408105562,405640.48490239406,1
979602.3629815074,610182.1390022989,1
760399.8419259626,941778.4892376588,1
854298.9677601377,115668.70060953581,1
909945.6053503682,727923.2625848536,1
758386.4478071257,449971.7597150739,1
788029.5908651799,696899.2812602696,1
784579.9375378932,815256.1811573799,1
962870.0933549206,302240.43964566116,1
884207.9034898023,978285.1615622048,1
808478.6552030729,970816.9819887792,1
974276.735055967,392824.36728871264,1
905027.5174228022,725796.8622812707,1
779597.9276726558,798934.4647097058,1
965818.1944670636,179329.4114516103,1
825318.720011458,539735.9655714572,1
875634.9133596988,444133.74340300116,1
948103.9339909651,772199.6706407765,1
964603.0413236066,293928.5187385625,1
821659.2847224254,630827.6741457832,1
904151.1027268055,404937.34038614255,1
885277.0683995646,314482.30367118603,1
835463.8277344906,136766.78745024547,1
805298.9873016628,925093.2544243,1
959022.0453743702,315076.68319965247,1
962986.7592983898,586216.0384810166,1
896230.6600423189,123215.46104770432,1
918828.3714170461,639944.4185151404,1
754560.1752864553,101776.37495918185,1
985141.2334083382,864586.4629044402,1
857880.6459324664,266731.3100412687,1
965260.619002104,896701.1607692862,1
893394.5187918937,483763.37301331275,1
842853.5921337844,899293.5280016533,1
825920.3283474343,817543.0576732211,1
799238.0613761814,717217.9584966786,1
772918.0055344751,531086.0093300736,1
997656.9270309552,872645.3770717161,1
902167.8023394682,926303.7536349003,1
833191.472659957,884380.5036211207,1
846443.784468038,658769.8693696938,1
771654.2606500654,315520.1087194915,1
778976.2402905731,446986.90940347343,1
789347.4351562742,734496.284290692,1
947413.6603441602,370117.8719087721,1
885069.6776486484,804965.1600927055,1
801053.1699476546,379110.1030211493,1
822057.7910866806,594261.9255519074,1
871637.824322539,641607.0417568343,1
814834.9835395261,533075.8998361044,1
753479.6224018428,847734.9015773032,1
798565.7889262857,374719.2729859859,1
849331.8420472383,716353.6413770864,1
759316.1268876124,637209.7107646537,1
795258.8059100647,291831.00362612365,1
880292.3368119337,176177.5484113359,1
838839.0838165901,444142.10232907516,1
811149.8908919055,107228.82947129833,1
964968.3976498931,138758.44780728637,1
998315.1453811907,899797.1583231182,1
914771.9807961246,156155.17327972106,1
851167.6390904736,565607.2765247336,1
757341.0029218739,834331.7720279145,1
915693.9851303672,451567.69702083076,1
923721.7726851598,757058.2346165322,1
934237.0395113346,958968.9015288893,1
855758.9877009515,860098.4835298784,1
989069.8883406984,625245.1024785377,1
969904.2263004773,140534.92954937025,1
933781.5208518781,366250.13348954235,1
776254.4123556155,780671.4434205666,1
926460.3523591438,525933.1299361255,1
835628.9946405612,239130.3531261735,1
949831.2520729931,315764.3893096534,1
929858.6107741296,891047.1730046475,1
860951.2118468481,635955.653548086,1
801938.2414185862,239073.65227586604,1
905678.3509867721,593852.2408132493,1
794748.2286779195,957162.9781375694,1
857380.2964067957,538551.3939440227,1
803001.1239829045,606203.3364404982,1
933561.8529488225,717411.3763770121,1
916634.0448829804,267523.5507114186,1
974924.0082690032,136514.35780722395,1
796551.5197255898,670985.2890441457,1
788244.3255604142,831620.9820955935,1
858639.0576084643,833001.2112913518,1
898709.6242364973,897882.4325686498,1
953813.6453807119,492332.8832593034,1
934242.5930896406,881323.8294822437,1
985118.0582321155,720242.2440730914,1
832949.8488561801,884354.6086668217,1
803541.4234603712,208947.98529637838,1
998172.6068251987,987838.0928024432,1
835170.748450636,357145.26148785744,1
799323.2563884496,814424.8191340639,1
759159.4786392507,743655.6644581041,1
834039.7920896849,430175.0509998616,1
816211.24188506,648742.3375664569,1
926247.3105360679,192929.01123976882,1
952409.2335756761,962328.036517423,1
797851.9231252605,339969.57335768663,1
815127.8496894451,394994.0820137932,1
847502.5880695335,215632.2763378803,1
796255.3287006064,293823.0719436011,1
973533.108600388,962552.1868068872,1
917888.3220857822,519479.5173033978,1
912108.3033287149,660730.8182034513,1
751329.5571043247,642788.5841519323,1
752681.7991428123,415378.334362542,1
797322.0671402491,108941.36509038934,1
994341.5489928611,580913.190165466,1
845746.2881069513,401826.8992727354,1
772454.2039870115,473074.01585384476,1
873879.7343657167,701407.6574185031,1
786662.9687026785,158124.33788098278,1
946863.2723955539,217584.32220861482,1
828422.5049087489,396643.9266654774,1
963261.2630915693,882150.5597905483,1
826544.8632950784,675742.2625314251,1
966791.0952188921,638193.0689080486,1
976443.3320653882,915353.2699371647,1
813097.192090661,692959.8384979245,1
870843.3556882506,375567.93252498686,1
964104.5029150837,366332.1428131047,1
897315.0868835193,767858.2291850285,1
874027.7705933967,302207.84314165486,1
950630.9444770167,282941.28525117575,1
839561.912967739,180454.31401359633,1
991219.9490038605,908422.0850318787,1
767193.3005458015,635703.9508726983,1
784064.6232263065,617836.447364992,1
763842.9883355531,385255.3334062386,1
957855.4783525666,923193.8427368669,1
924727.6820084142,472993.2294286375,1
987466.9047972424,747951.6103074669,1
769126.7471610839,171067.37829542434,1
922751.0995802955,831328.4123968121,1
934844.5831777606,359425.7198644803,1
885426.571809473,312799.18595380936,1
984300.3514570718,757642.0770983071,1
848636.2878371996,418858.7827003699,1
990941.1709441671,421974.527963916,1
773137.8472870485,367170.85929012316,1
871213.1259998222,262767.9783821488,1
763563.4540286134,253656.83733663286,1
992821.8852947024,535623.0708354493,1
767105.2023000554,351183.4383708079,1
868338.7975365741,914638.4791690758,1
956003.3724563451,509168.8155800326,1
901849.2069757434,427419.7020096291,1
907036.9776830935,574758.2417279793,1
750828.6559407212,912159.0521212347,1
931516.4515561567,435697.6983007801,1
761500.6257146428,875274.0599014952,1
952584.759589422,372465.79948594305,1
968945.1411455844,287954.3857202628,1
938216.2489729228,702584.7852585576,1
858917.5487072763,794071.5221280826,1
836595.3853022143,421205.42924095254,1
780947.1149996591,784912.3508785961,1
874070.5630010042,245984.73143068096,1
952535.1924111039,990936.0896377723,1
770590.3879524894,232557.0132098875,1
833003.8056717558,271112.90627771476,1
958125.2800920573,217442.06912648704,1
822555.836390367,485164.772106789,1
866008.2097356435,813674.7906507242,1
853762.0565384903,623500.9430823373,1
851611.5564914873,850165.0821408554,1
820722.8087348093,836562.2650982868,1
840810.5420494592,198446.3937861888,1
894798.3551123738,235486.87674378508,1
771265.8315064827,746819.5719376764,1
941524.6903143772,667285.4854560759,1
924645.8558834932,422740.92381260375,1
833599.5600878942,246344.72220954817,1
997302.9734233788,998714.4174565673,1
967091.5780904524,628128.7615870755,1
984581.1344609839,825120.5686893523,1
898897.306172548,663994.3036331021,1
779383.7187360267,244256.68732250063,1
797416.0633091879,546539.7075065125,1
910720.4831638298,998210.6614005662,1
958140.9038247551,192206.49338919047,1
811838.3428520323,863157.1877107512,1
946283.3493622346,890062.2840363634,1
927275.9102678143,334553.4139345363,1
790534.2125075768,683730.558022179,1
833580.7258144906,300203.7788037922,1
857117.1844947382,611599.2469349853,1
846425.461278265,284568.2554804193,1
948119.5659851856,935683.3659245707,1
887456.1176471997,666763.5910430436,1
943370.9754488581,193094.80677779682,1
985266.7848269158,654910.5649205707,1
950268.1054299916,981619.9351718886,1
872354.4510086458,753495.0022351163,1
988764.1039172579,385167.05137531017,1
897329.5093006765,228692.30277357856,1
757028.9484878249,918295.6115821367,1
943871.6285178803,893661.3790104173,1
768317.8746842997,608240.2372596015,1
925009.071744243,581877.9407532779,1
753879.4721497584,658417.7164347466,1
914664.1941026804,428493.14801405877,1
848465.955096188,555043.9675551993,1
942787.5259281036,793325.4946803398,1
777148.4824795694,477706.38900470687,1
820291.8654273051,655473.8583944938,1
846599.1066154955,208485.9620827968,1
795031.6661163907,330112.9557941978,1
983319.7307545663,352644.348760025,1
779548.860911185,320858.3944180963,1
933774.7518496731,252208.85097118036,1
968680.1913016881,643099.459874043,1
765443.4862511241,952572.225841463,1
993266.7362566108,622675.2755757596,1
883851.6028464042,262182.7549558873,1
868860.8368085,237821.81535910117,1
785104.9152880416,713199.2219131385,1
802451.6410091462,296006.0019811649,1
765973.0621194543,682296.1885059895,1
863690.980495353,212527.63957392052,1
876592.3574603666,686569.0214755062,1
855487.7219507531,818867.5633831865,1
885116.3368412238,829789.7683859377,1
753609.7383438149,172435.44489427184,1
782660.0212775449,801837.0363170985,1
789638.9242698975,812511.1008845925,1
938396.9922186709,588381.7301737752,1
922831.2486448098,792163.4385953265,1
911599.5634191381,850192.2854936523,1
964203.9187147869,895975.7058769797,1
998180.1615870044,626134.4420585972,1
787722.0391979525,699539.7299583128,1
949633.3138558222,559154.7847925607,1
908444.8057584473,336669.72577630146,1
987341.7527730538,459875.8760943425,1
892780.4011226997,162466.04031181714,1
809266.1121943436,647587.468098756,1
958605.148430773,861758.3832089733,1
858520.5293039336,828120.9736798063,1
758680.7697438205,859451.9891555237,1
836710.4085321832,783810.4771282551,1
989163.3938166611,979161.5075220978,1
855716.1974986009,368986.92777045985,1
804156.0128394155,673326.3671771581,1
817260.38100236,626968.0586507836,1
986393.9203449282,574438.9732170661,1
843850.132109361,472125.0526223302,1
843520.5680564556,890181.745207248,1
898406.2875775069,636781.0023554921,1
802596.4707978396,600180.7966082671,1
858910.6220108712,192883.24085209734,1
842451.5133390087,207721.32759939326,1
751911.5589521638,821896.6797394074,1
779478.943166221,980468.651398371,1
970517.5909877132,175276.87713755603,1
837415.4949898282,417532.2119955506,1
861223.2816520754,464896.8298142328,1
766456.7454228707,684360.0503118801,1
991870.0295599296,532140.130337483,1
900407.0253078615,527456.2631259268,1
816653.2959729698,608727.533053888,1
982171.2475581325,880035.8883432433,1
759677.7550717861,904306.4032415231,1
822294.5222935468,700563.6744240389,1
841780.9830156785,408784.3287266595,1
766657.1748539038,332827.97377088177,1
890803.5387324684,418385.9325593438,1
952968.86385365,330022.5596357605,1
853136.124070994,715157.2139929938,1
889301.751101703,484595.48948835814,1
920316.6218784888,651885.4156523189,1
797231.3248016967,202932.46469393722,1
893556.0702398208,706040.2302625027,1
885722.5351541592,414881.3036896808,1
848458.7557420519,618781.8368180399,1
936047.7409798042,631753.7169234426,1
962408.5633673897,722081.0052780872,1
766023.8470759342,164554.93742770012,1
778536.6620097567,200106.79457551404,1
816117.3385541306,923048.5719997055,1
988195.0074832196,203399.2852197755,1
910263.5451636,477242.48289090965,1
990353.5599122073,592032.997817078,1
887477.0164833039,950685.1181037321,1
774542.6551285081,430403.12936190923,1
973993.9109917921,573512.571702342,1
892282.2305310499,292232.99708483624,1
798652.8013920429,996206.1785177264,1
873115.4619731887,303770.64989481436,1
911411.9348589934,788746.7068588423,1
841460.1973849426,402687.2331379853,1
757334.6961130335,679065.5251910524,1
785794.3213328804,342045.042197002,1
946148.9092394679,858193.759460295,1
919016.5690312452,999671.419625152,1
992825.5396289197,703279.0775188431,1
956649.831882617,911229.5578254105,1
849179.0948935981,239577.12880330085,1
953241.1692876723,333040.5369643131,1
942439.6011676925,634925.0071905016,1
801086.6106543535,268179.95273952186,1
867964.2242650607,984736.7241807784,1
848078.6827059,384909.0716459143,1
914406.2034123443,838070.5499478589,1
836185.7456217539,962364.659524305,1
781275.9243087203,541677.0861788682,1
834013.837690066,932652.8558417953,1
874158.6989161974,468346.14014121785,1
836848.6311963926,997693.7082434274,1
874856.1777393604,472953.01518319483,1
959876.0799646121,327466.5339630727,1
802759.8934077773,450906.7479260512,1
863246.4637448211,990921.068556533,1
992064.5122997047,829135.5958842601,1
954270.8080198911,195618.8023835721,1
968286.1904176103,739690.95739724,1
766527.090993248,523233.60918421345,1
899535.9070842075,111463.85675704277,1
850578.5532046226,848032.1279010472,1
